0.0000000 0.0335103 1.0000000 0.0000000 0.0369866
0.0000000 0.0335103 1.0000000 0.0000000 0.0369866
0.0000000 0.0335103 1.0000000 0.0000000 0.0369866
0.0000000 0.0335103 1.0000000 0.0000000 0.0369866
0.0000000 0.0335103 1.0000000 0.0000000 0.0369866
0.0000000 0.0335103 1.0000000 0.0000000 0.0369866
0.0000000 0.0335103 1.0000000 0.0000000 0.0369866
0.0000000 0.0335103 1.0000000 0.0000000 0.0369866
0.0000000 0.0335103 1.0000000 0.0000000 0.0369866
0.0000000 0.0335103 1.0000000 0.0000000 0.0369866
0.0000000 0.0335103 1.0000000 0.0000000 0.0369866
0.0000000 0.0335103 1.0000000 0.0000000 0.0369866
0.0000271 0.0335103 1.0000000 0.0000000 0.0369866
0.0027033 0.0335103 1.0000000 0.4066101 0.0369579
0.0053870 0.0335103 1.0000000 0.8206073 0.0368777
0.0080513 0.0335103 1.0000000 1.2323493 0.0367475
0.0106957 0.0335103 1.0000000 1.5932195 0.0365675
0.0133200 0.0335103 1.0000000 1.8756079 0.0363334
0.0159245 0.0335103 1.0000000 2.1633209 0.0360425
0.0185090 0.0335103 1.0000000 2.4431104 0.0356923
0.0210740 0.0335103 1.0000000 2.7164276 0.0352822
0.0236196 0.0335103 1.0000000 2.9842056 0.0348101
0.0261461 0.0335103 1.0000000 3.2454713 0.0342749
0.0286538 0.0335103 1.0000000 3.4999257 0.0336765
0.0311433 0.0335103 1.0000000 3.7476185 0.0330173
0.0336149 0.0335103 1.0000000 3.9887546 0.0322996
0.0360696 0.0335103 1.0000000 4.2239296 0.0315255
0.0385082 0.0335103 1.0000000 4.4530619 0.0306961
0.0409317 0.0335103 1.0000000 4.6764377 0.0298121
0.0433411 0.0335103 1.0000000 4.8959043 0.0285888
0.0457376 0.0335103 1.0000000 5.1091327 0.0275980
0.0481189 0.0335103 1.0000000 5.3176115 0.0265583
0.0504783 0.0335103 1.0000000 5.5230843 0.0251632
0.0528183 0.0335103 1.0000000 5.7246652 0.0237362
0.0551435 0.0335103 1.0000000 5.9225452 0.0224211
0.0574601 0.0335103 1.0000000 6.1173728 0.0212358
0.0597721 0.0335103 1.0000000 6.3125267 0.0198878
0.0620666 0.0335103 1.0000000 6.5078328 0.0184072
0.0643427 0.0335103 1.0000000 6.7017503 0.0171896
0.0666074 0.0335103 1.0000000 6.9021996 0.0153160
0.0688653 0.0335103 1.0000000 7.1019694 0.0139978
0.0710890 0.0335103 1.0000000 7.3056932 0.0123762
0.0732798 0.0335103 1.0000000 7.5080521 0.0112161
0.0754388 0.0335103 1.0000000 7.7141530 0.0097963
0.0775594 0.0335103 1.0000000 7.9197751 0.0085793
0.0796540 0.0335103 1.0000000 8.1273494 0.0074752
0.0817322 0.0335103 1.0000000 8.3386918 0.0065555
0.0837999 0.0335103 1.0000000 8.5656624 0.0047290
0.0858592 0.0335103 1.0000000 8.8061736 0.0027078
0.0879094 0.0335103 1.0000000 9.0548915 0.0006130
0.0899485 0.0335103 1.0000000 9.2997793 0.0000000
0.0919753 0.0335103 1.0000000 9.5525299 0.0000000
0.0939906 0.0335103 1.0000000 9.8108667 0.0000000
0.0959903 0.0335103 1.0000000 10.0802207 0.0000000
0.0979719 0.0335103 1.0000000 10.3611319 0.0000000
0.0999208 0.0335103 1.0000000 10.6516122 0.0000000
0.1018251 0.0335103 1.0000000 10.9457295 0.0000000
0.1036957 0.0335103 1.0000000 11.2435586 0.0000000
0.1055441 0.0335103 1.0000000 11.5457707 0.0000000
0.1073803 0.0335103 1.0000000 11.8532036 0.0000000
0.1092125 0.0335103 1.0000000 12.1665618 0.0000000
0.1110478 0.0335103 1.0000000 12.4862137 0.0000000
0.1128914 0.0335103 1.0000000 12.8114452 0.0000000
0.1147462 0.0335103 1.0000000 13.1417869 0.0000000
0.1166100 0.0335103 1.0000000 13.4763506 -0.0000001
0.1184776 0.0335103 1.0000000 13.8130838 0.0000000
0.1203486 0.0335103 1.0000000 14.1517667 0.0000000
0.1222227 0.0335103 1.0000000 14.4917673 0.0000000
0.1240989 0.0335103 1.0000000 14.8325551 0.0000000
0.1259759 0.0335103 1.0000000 15.1734292 0.0000000
0.1278528 0.0335103 1.0000000 15.5140742 0.0000000
0.1297284 0.0335103 1.0000000 15.8547212 0.0000000
0.1316016 0.0335103 1.0000000 16.1957625 0.0000000
0.1334712 0.0335103 1.0000000 16.5373619 0.0000000
0.1353360 0.0335103 1.0000000 16.8795146 0.0000000
0.1371949 0.0335103 1.0000000 17.2221730 0.0000000
0.1390472 0.0335103 1.0000000 17.5652962 0.0000000
0.1408920 0.0335103 1.0000000 17.9088501 0.0000000
0.1427289 0.0335103 1.0000000 18.2527818 -0.0000001
0.1445573 0.0335103 1.0000000 18.5970638 0.0000000
0.1463769 0.0335103 1.0000000 18.9416706 0.0000000
0.1481876 0.0335103 1.0000000 19.2865907 0.0000000
0.1499892 0.0335103 1.0000000 19.6318356 0.0000000
0.1517816 0.0335103 1.0000000 19.9774232 0.0000000
0.1535649 0.0335103 1.0000000 20.3234000 0.0000000
0.1553390 0.0335103 1.0000000 20.6698033 0.0000000
0.1571037 0.0335103 1.0000000 21.0165945 0.0000000
0.1588589 0.0335103 1.0000000 21.3638115 0.0000000
0.1606049 0.0335103 1.0000000 21.7114977 0.0000000
0.1623419 0.0335103 1.0000000 22.0596981 0.0000000
0.1640701 0.0335103 1.0000000 22.4084502 0.0000000
0.1657898 0.0335103 1.0000000 22.7577926 0.0000000
0.1675013 0.0335103 1.0000000 23.1077605 0.0000000
0.1692049 0.0335103 1.0000000 23.4583890 0.0000000
0.1709008 0.0335103 1.0000000 23.8096965 0.0000000
0.1725893 0.0335103 1.0000000 24.1616934 0.0000000
0.1742708 0.0335103 1.0000000 24.5143883 0.0000000
0.1759455 0.0335103 1.0000000 24.8677934 0.0000000
0.1776136 0.0335103 1.0000000 25.2219288 0.0000000
0.1792756 0.0335103 1.0000000 25.5768042 0.0000000
0.1809316 0.0335103 1.0000000 25.9324361 -0.0000001
0.1825818 0.0335103 1.0000000 26.2888295 0.0000000
0.1842265 0.0335103 1.0000000 26.6460079 0.0000000
0.1858658 0.0335103 1.0000000 27.0039763 0.0000000
0.1874999 0.0335103 1.0000000 27.3627271 0.0000000
0.1891289 0.0335103 1.0000000 27.7222515 0.0000000
0.1907528 0.0335103 1.0000000 28.0825446 0.0000000
0.1923718 0.0335103 1.0000000 28.4435932 0.0000000
0.1939858 0.0335103 1.0000000 28.8053803 0.0000000
0.1955949 0.0335103 1.0000000 29.1678834 0.0000000
0.1971990 0.0335103 1.0000000 29.5310840 0.0000000
0.1987981 0.0335103 1.0000000 29.8949646 0.0000000
0.2003922 0.0335103 1.0000000 30.2594918 0.0000000
0.2019813 0.0335103 1.0000000 30.6246271 0.0000000
0.2035654 0.0335103 1.0000000 30.9903458 0.0000000
0.2051443 0.0335103 1.0000000 31.3566307 0.0000000
0.2067181 0.0335103 1.0000000 31.7234510 0.0000000
0.2082867 0.0335103 1.0000000 32.0907915 0.0000000
0.2098501 0.0335103 1.0000000 32.4586314 0.0000000
0.2114081 0.0335103 1.0000000 32.8269556 0.0000000
0.2129608 0.0335103 1.0000000 33.1957582 0.0000000
0.2145081 0.0335103 1.0000000 33.5650231 0.0000000
0.2160501 0.0335103 1.0000000 33.9347285 0.0000000
0.2175866 0.0335103 1.0000000 34.3048666 0.0000000
0.2191176 0.0335103 1.0000000 34.6754427 0.0000000
0.2206432 0.0335103 1.0000000 35.0464533 0.0000000
0.2221633 0.0335103 1.0000000 35.4178931 0.0000000
0.2236779 0.0335103 1.0000000 35.7897643 0.0000000
0.2251871 0.0335103 1.0000000 36.1620722 0.0000000
0.2266909 0.0335103 1.0000000 36.5348178 0.0000000
0.2281894 0.0335103 1.0000000 36.9079966 0.0000000
0.2296825 0.0335103 1.0000000 37.2816087 0.0000000
0.2311703 0.0335103 1.0000000 37.6556583 0.0000000
0.2326529 0.0335103 1.0000000 38.0301506 0.0000000
0.2341305 0.0335103 1.0000000 38.4050903 0.0000000
0.2356029 0.0335103 1.0000000 38.7804800 0.0000000
0.2370704 0.0335103 1.0000000 39.1563199 0.0000000
0.2385331 0.0335103 1.0000000 39.5326137 0.0000000
0.2399909 0.0335103 1.0000000 39.9093646 0.0000000
0.2414441 0.0335103 1.0000000 40.2865756 0.0000000
0.2428927 0.0335103 1.0000000 40.6642465 0.0000000
0.2443367 0.0335103 1.0000000 41.0423727 0.0000000
0.2457764 0.0335103 1.0000000 41.4209544 0.0000000
0.2472116 0.0335103 1.0000000 41.7999884 0.0000000
0.2486426 0.0335103 1.0000000 42.1794707 0.0000000
0.2500694 0.0335103 1.0000000 42.5593952 0.0000000
0.2514921 0.0335103 1.0000000 42.9397533 0.0000000
0.2529106 0.0335103 1.0000000 43.3205306 0.0000000
0.2543251 0.0335103 1.0000000 43.7017169 0.0000000
0.2557356 0.0335103 1.0000000 44.0832888 0.0000001
0.2571421 0.0335103 1.0000000 44.4652451 0.0000000
0.2585447 0.0335103 1.0000000 44.8475615 0.0000000
0.2599432 0.0335103 1.0000000 45.2302312 0.0000000
0.2613379 0.0335103 1.0000000 45.6132401 0.0000000
0.2627286 0.0335103 1.0000000 45.9965810 -0.0000001
0.2641155 0.0335103 1.0000000 46.3802341 0.0000000
0.2654984 0.0335103 1.0000000 46.7642016 0.0000001
0.2668774 0.0335103 1.0000000 47.1484753 0.0000000
0.2682525 0.0335103 1.0000000 47.5330192 0.0000000
0.2696238 0.0335103 1.0000000 47.9178246 0.0000000
0.2709911 0.0335103 1.0000000 48.3028790 0.0000001
0.2723546 0.0335103 1.0000000 48.6881935 0.0000000
0.2737142 0.0335103 1.0000000 49.0737428 0.0000000
0.2750700 0.0335103 1.0000000 49.4595224 0.0000000
0.2764220 0.0335103 1.0000000 49.8455192 0.0000000
0.2777701 0.0335103 1.0000000 50.2317215 0.0000000
0.2791144 0.0335103 1.0000000 50.6181267 0.0000000
0.2804550 0.0335103 1.0000000 51.0047089 0.0000000
0.2817919 0.0335103 1.0000000 51.3914420 -0.0000001
0.2831250 0.0335103 1.0000000 51.7783068 0.0000000
0.2844545 0.0335103 1.0000000 52.1653037 0.0000000
0.2857803 0.0335103 1.0000000 52.5524051 0.0000000
0.2871026 0.0335103 1.0000000 52.9396006 0.0000000
0.2884213 0.0335103 1.0000000 53.3268505 0.0000000
0.2897364 0.0335103 1.0000000 53.7141094 0.0000000
0.2910481 0.0335103 1.0000000 54.1013695 0.0000000
0.2923563 0.0335103 1.0000000 54.4885781 0.0000000
0.2936611 0.0335103 1.0000000 54.8757117 0.0000000
0.2949626 0.0335103 1.0000000 55.2626945 0.0000000
0.2962607 0.0335103 1.0000000 55.6494926 0.0000000
0.2975556 0.0335103 1.0000000 56.0360280 0.0000000
0.2988471 0.0335103 1.0000000 56.4222792 0.0000000
0.3001355 0.0335103 1.0000000 56.8081420 0.0000000
0.3014207 0.0335103 1.0000000 57.1934753 0.0000000
0.3027027 0.0335103 1.0000000 57.5780841 0.0000000
0.3039816 0.0335103 1.0000000 57.9618347 0.0000000
0.3052574 0.0335103 1.0000000 58.3446021 0.0000000
0.3065301 0.0335103 1.0000000 58.7261264 0.0000000
0.3077998 0.0335103 1.0000000 59.1060161 0.0000000
0.3090664 0.0335103 1.0000000 59.4837720 0.0000000
0.3103301 0.0335103 1.0000000 59.8587693 0.0000000
0.3115908 0.0335103 1.0000000 60.2297225 0.0000000
0.3128484 0.0335103 1.0000000 60.5933299 0.0000000
0.3141032 0.0335103 1.0000000 60.9575015 0.0000000
0.3153550 0.0335103 1.0000000 61.3155060 0.0000000
0.3166039 0.0335103 1.0000000 61.6641163 0.0000000
0.3178499 0.0335103 1.0000000 62.0055966 0.0000001
0.3190931 0.0335103 1.0000000 62.3589259 0.0000000
0.3203334 0.0335103 1.0000000 62.7187232 0.0000000
0.3215708 0.0335103 1.0000000 63.0862527 0.0000000
0.3228054 0.0335103 1.0000000 63.4535352 0.0000000
0.3240371 0.0335103 1.0000000 63.8273641 0.0000000
0.3252661 0.0335103 1.0000000 64.1981620 0.0000000
0.3264923 0.0335103 1.0000000 64.5567577 0.0000000
0.3277157 0.0335103 1.0000000 64.9293063 0.0000000
0.3289363 0.0335103 1.0000000 65.3021465 0.0000000
0.3301542 0.0335103 1.0000000 65.6765924 0.0000000
0.3313695 0.0335103 1.0000000 66.0485637 0.0000000
0.3325820 0.0335103 1.0000000 66.4102798 0.0000000
0.3337920 0.0335103 1.0000000 66.7697529 0.0000000
0.3349993 0.0335103 1.0000000 67.1219291 0.0000001
0.3362042 0.0335103 1.0000000 67.4553438 0.0000000
0.3374065 0.0335103 1.0000000 67.7667885 0.0000000
0.3386063 0.0335103 1.0000000 68.0945047 0.0000000
0.3398036 0.0335103 1.0000000 68.4223937 0.0000000
0.0000000 0.0335103 1.0000000 0.0000000 0.0369866
0.0000271 0.0335103 1.0000000 0.0000000 0.0369866
0.0027033 0.0335103 1.0000000 0.4066101 0.0369579
0.0053870 0.0335103 1.0000000 0.8206073 0.0368777
0.0080513 0.0335103 1.0000000 1.2323493 0.0367475
0.0000000 0.0335103 1.0000000 0.0000000 0.0369866
0.0000271 0.0335103 1.0000000 0.0000000 0.0369866
0.0000000 0.0335103 1.0000000 0.0000000 0.0369866
0.0000000 0.0335103 1.0000000 0.0000000 0.0369866
0.0000000 0.0335103 1.0000000 0.0000000 0.0369866
0.0000000 0.0335103 1.0000000 0.0000000 0.0369866
0.0000000 0.0335103 1.0000000 0.0000000 0.0369866
0.0000000 0.0335103 1.0000000 0.0000000 0.0369866
0.0000000 0.0335103 1.0000000 0.0000000 0.0369866
0.0000000 0.0335103 1.0000000 0.0000000 0.0369866
0.0000000 0.0335103 1.0000000 0.0000000 0.0369866
0.0000000 0.0335103 1.0000000 0.0000000 0.0369866
0.0000000 0.0335103 1.0000000 0.0000000 0.0369866
0.0000271 0.0335103 1.0000000 0.0000000 0.0369866
0.0027033 0.0335103 1.0000000 0.4066101 0.0369579
0.0053870 0.0335103 1.0000000 0.8206073 0.0368777
0.0080513 0.0335103 1.0000000 1.2323493 0.0367475
0.0000000 0.0335103 1.0000000 0.0000000 0.0369866
0.0000000 0.0335103 1.0000000 0.0000000 0.0369866
0.0000000 0.0335103 1.0000000 0.0000000 0.0369866
0.0000000 0.0335103 1.0000000 0.0000000 0.0369866
0.0000000 0.0335103 1.0000000 0.0000000 0.0369866
0.0000271 0.0335103 1.0000000 0.0000000 0.0369866
0.0000000 0.0335103 1.0000000 0.0000000 0.0369866
0.0000271 0.0335103 1.0000000 0.0000000 0.0369866
0.0000000 0.0335103 1.0000000 0.0000000 0.0369866
0.0000000 0.0335103 1.0000000 0.0000000 0.0369866
0.0000000 0.0335103 1.0000000 0.0000000 0.0369866
0.0000000 0.0335103 1.0000000 0.0000000 0.0369866
0.0000000 0.0335103 1.0000000 0.0000000 0.0369866
0.0000000 0.0335103 1.0000000 0.0000000 0.0369866
0.0000000 0.0335103 1.0000000 0.0000000 0.0369866
0.0000000 0.0335103 1.0000000 0.0000000 0.0369866
0.0000000 0.0335103 1.0000000 0.0000000 0.0369866
0.0000000 0.0335103 1.0000000 0.0000000 0.0369866
0.0000000 0.0335103 1.0000000 0.0000000 0.0369866
0.0000271 0.0335103 1.0000000 0.0000000 0.0369866
0.0027033 0.0335103 1.0000000 0.4066101 0.0369579
0.0053870 0.0335103 1.0000000 0.8206073 0.0368777
0.0080513 0.0335103 1.0000000 1.2323493 0.0367475
0.0000000 0.0335103 1.0000000 0.0000000 0.0369866
0.0000000 0.0335103 1.0000000 0.0000000 0.0369866
0.0000000 0.0335103 1.0000000 0.0000000 0.0369866
0.0000000 0.0335103 1.0000000 0.0000000 0.0369866
0.0000000 0.0335103 1.0000000 0.0000000 0.0369866
0.0000271 0.0335103 1.0000000 0.0000000 0.0369866
0.0000000 0.0335103 1.0000000 0.0000000 0.0369866
0.0000271 0.0335103 1.0000000 0.0000000 0.0369866
0.0000000 0.0335103 1.0000000 0.0000000 0.0369866
0.0000000 0.0335103 1.0000000 0.0000000 0.0369866
0.0000000 0.0335103 1.0000000 0.0000000 0.0369866
0.0000271 0.0335103 1.0000000 0.0000000 0.0369866
0.0027033 0.0335103 1.0000000 0.4066101 0.0369579
0.0053870 0.0335103 1.0000000 0.8206073 0.0368777
0.0080513 0.0335103 1.0000000 1.2323493 0.0367475
0.0000000 0.0335103 1.0000000 0.0000000 0.0369866
0.0000000 0.0335103 1.0000000 0.0000000 0.0369866
0.0000000 0.0335103 1.0000000 0.0000000 0.0369866
0.0000000 0.0335103 1.0000000 0.0000000 0.0369866
0.0000000 0.0335103 1.0000000 0.0000000 0.0369866
0.0000000 0.0335103 1.0000000 0.0000000 0.0369866
0.0000000 0.0335103 1.0000000 0.0000000 0.0369866
0.0000000 0.0335103 1.0000000 0.0000000 0.0369866
0.0000000 0.0335103 1.0000000 0.0000000 0.0369866
0.0000000 0.0335103 1.0000000 0.0000000 0.0369866
0.0000000 0.0335103 1.0000000 0.0000000 0.0369866
0.0000000 0.0335103 1.0000000 0.0000000 0.0369866
0.0000000 0.0335103 1.0000000 0.0000000 0.0369866
0.0000271 0.0335103 1.0000000 0.0000000 0.0369866
0.0027033 0.0335103 1.0000000 0.4066101 0.0369579
0.0053870 0.0335103 1.0000000 0.8206073 0.0368777
0.0080513 0.0335103 1.0000000 1.2323493 0.0367475
0.0000000 0.0335103 1.0000000 0.0000000 0.0369866
0.0000271 0.0335103 1.0000000 0.0000000 0.0369866
0.0027033 0.0335103 1.0000000 0.4066101 0.0369579
0.0053870 0.0335103 1.0000000 0.8206073 0.0368777
0.0080513 0.0335103 1.0000000 1.2323493 0.0367475
0.0000000 0.0335103 1.0000000 0.0000000 0.0369866
0.0000271 0.0335103 1.0000000 0.0000000 0.0369866
0.0027033 0.0335103 1.0000000 0.4066101 0.0369579
0.0053870 0.0335103 1.0000000 0.8206073 0.0368777
0.0080513 0.0335103 1.0000000 1.2323493 0.0367475
0.0000271 0.0794319 1.0000000 0.0000000 0.0835041
0.0027033 0.0794319 1.0000000 0.3815256 0.0834528
0.0053870 0.0794319 1.0000000 0.7653635 0.0833114
0.0080514 0.0794319 1.0000000 1.1415259 0.0830812
0.0106958 0.0794319 1.0000000 1.4634749 0.0827647
0.0133203 0.0794319 1.0000000 1.7105858 0.0823564
0.0159247 0.0794319 1.0000000 1.9544037 0.0818520
0.0185094 0.0794319 1.0000000 2.1847835 0.0812463
0.0210744 0.0794319 1.0000000 2.4026993 0.0805376
0.0236203 0.0794319 1.0000000 2.6093224 0.0796754
0.0261474 0.0794319 1.0000000 2.8041636 0.0786605
0.0286564 0.0794319 1.0000000 2.9867467 0.0776366
0.0311480 0.0794319 1.0000000 3.1577103 0.0764136
0.0336234 0.0794319 1.0000000 3.3176581 0.0749941
0.0360839 0.0794319 1.0000000 3.4658471 0.0736755
0.0385311 0.0794319 1.0000000 3.6035623 0.0722633
0.0409666 0.0794319 1.0000000 3.7312439 0.0707570
0.0433926 0.0794319 1.0000000 3.8494292 0.0691577
0.0458111 0.0794319 1.0000000 3.9592758 0.0673706
0.0482243 0.0794319 1.0000000 4.0606559 0.0655907
0.0506342 0.0794319 1.0000000 4.1547812 0.0637257
0.0530426 0.0794319 1.0000000 4.2429102 0.0616903
0.0554511 0.0794319 1.0000000 4.3254848 0.0595765
0.0578608 0.0794319 1.0000000 4.4044023 0.0570548
0.0602723 0.0794319 1.0000000 4.4770711 0.0548767
0.0626811 0.0794319 1.0000000 4.5463805 0.0525463
0.0650911 0.0794319 1.0000000 4.6147820 0.0497933
0.0675016 0.0794319 1.0000000 4.6798407 0.0473463
0.0698999 0.0794319 1.0000000 4.7448333 0.0446876
0.0722862 0.0794319 1.0000000 4.8124191 0.0415491
0.0746627 0.0794319 1.0000000 4.8821276 0.0384227
0.0770291 0.0794319 1.0000000 4.9520285 0.0358955
0.0793677 0.0794319 1.0000000 5.0276580 0.0329871
0.0816804 0.0794319 1.0000000 5.1050293 0.0305636
0.0839864 0.0794319 1.0000000 5.1869668 0.0282100
0.0863220 0.0794319 1.0000000 5.2743221 0.0259494
0.0886658 0.0794319 1.0000000 5.3687472 0.0235675
0.0909807 0.0794319 1.0000000 5.4717236 0.0208728
0.0932682 0.0794319 1.0000000 5.5835456 0.0181864
0.0955319 0.0794319 1.0000000 5.7029766 0.0160220
0.0977769 0.0794319 1.0000000 5.8357541 0.0134453
0.1000094 0.0794319 1.0000000 5.9815092 0.0104870
0.1022330 0.0794319 1.0000000 6.1342156 0.0084572
0.1044282 0.0794319 1.0000000 6.2932567 0.0069581
0.1065902 0.0794319 1.0000000 6.4609208 0.0056671
0.1087315 0.0794319 1.0000000 6.6426512 0.0044738
0.1108771 0.0794319 1.0000000 6.8386702 0.0032192
0.1129990 0.0794319 1.0000000 7.0505519 0.0024439
0.1150720 0.0794319 1.0000000 7.2749368 0.0018570
0.1170807 0.0794319 1.0000000 7.5053762 0.0015173
0.1190342 0.0794319 1.0000000 7.7444520 0.0009501
0.1209914 0.0794319 1.0000000 8.0013945 0.0000000
0.1229644 0.0794319 1.0000000 8.2669054 0.0000000
0.1249314 0.0794319 1.0000000 8.5440841 0.0000000
0.1268973 0.0794319 1.0000000 8.8322482 0.0000000
0.1288650 0.0794319 1.0000000 9.1307059 0.0000000
0.1308354 0.0794319 1.0000000 9.4384908 0.0000000
0.1328083 0.0794319 1.0000000 9.7543226 0.0000000
0.1347834 0.0794319 1.0000000 10.0769574 0.0000000
0.1367607 0.0794319 1.0000000 10.4044645 0.0000000
0.1387413 0.0794319 1.0000000 10.7348281 0.0000000
0.1407253 0.0794319 1.0000000 11.0671233 0.0000000
0.1427121 0.0794319 1.0000000 11.4011345 0.0000000
0.1447026 0.0794319 1.0000000 11.7364007 0.0000000
0.1466968 0.0794319 1.0000000 12.0719194 0.0000000
0.1486939 0.0794319 1.0000000 12.4076070 0.0000000
0.1506923 0.0794319 1.0000000 12.7438521 0.0000000
0.1526900 0.0794319 1.0000000 13.0806305 0.0000000
0.1546828 0.0794319 1.0000000 13.4174803 0.0000000
0.1566681 0.0794319 1.0000000 13.7540317 0.0000000
0.1586446 0.0794319 1.0000000 14.0899920 0.0000000
0.1606110 0.0794319 1.0000000 14.4252780 0.0000000
0.1625666 0.0794319 1.0000000 14.7598061 0.0000000
0.1645108 0.0794319 1.0000000 15.0935324 0.0000000
0.1664430 0.0794319 1.0000000 15.4264344 0.0000000
0.1683626 0.0794319 1.0000000 15.7585135 0.0000000
0.1702693 0.0794319 1.0000000 16.0898960 0.0000000
0.1721629 0.0794319 1.0000000 16.4207115 0.0000000
0.1740432 0.0794319 1.0000000 16.7510538 0.0000000
0.1759102 0.0794319 1.0000000 17.0810466 0.0000000
0.1777637 0.0794319 1.0000000 17.4108023 0.0000000
0.1796038 0.0794319 1.0000000 17.7404476 0.0000000
0.1814304 0.0794319 1.0000000 18.0701184 0.0000000
0.1832437 0.0794319 1.0000000 18.3999594 0.0000000
0.1850440 0.0794319 1.0000000 18.7301046 0.0000000
0.1868316 0.0794319 1.0000000 19.0606824 0.0000000
0.1886069 0.0794319 1.0000000 19.3917942 0.0000000
0.1903703 0.0794319 1.0000000 19.7235057 0.0000000
0.1921224 0.0794319 1.0000000 20.0558705 0.0000000
0.1938635 0.0794319 1.0000000 20.3889060 0.0000000
0.1955942 0.0794319 1.0000000 20.7226157 0.0000000
0.1973152 0.0794319 1.0000000 21.0570182 0.0000000
0.1990268 0.0794319 1.0000000 21.3921246 0.0000000
0.2007296 0.0794319 1.0000000 21.7279398 0.0000000
0.2024240 0.0794319 1.0000000 22.0644477 0.0000000
0.2041106 0.0794319 1.0000000 22.4016517 0.0000000
0.2057897 0.0794319 1.0000000 22.7395371 0.0000000
0.2074618 0.0794319 1.0000000 23.0780926 0.0000000
0.2091272 0.0794319 1.0000000 23.4173298 0.0000000
0.2107862 0.0794319 1.0000000 23.7572711 0.0000000
0.2124391 0.0794319 1.0000000 24.0979148 0.0000000
0.2140862 0.0794319 1.0000000 24.4392723 0.0000000
0.2157276 0.0794319 1.0000000 24.7813540 0.0000000
0.2173636 0.0794319 1.0000000 25.1241334 0.0000000
0.2189942 0.0794319 1.0000000 25.4675951 0.0000001
0.2206194 0.0794319 1.0000000 25.8117332 0.0000000
0.2222395 0.0794319 1.0000000 26.1565233 0.0000000
0.2238543 0.0794319 1.0000000 26.5019467 0.0000000
0.2254639 0.0794319 1.0000000 26.8479674 0.0000000
0.2270683 0.0794319 1.0000000 27.1945484 0.0000000
0.2286674 0.0794319 1.0000000 27.5416580 0.0000000
0.2302613 0.0794319 1.0000000 27.8892792 0.0000000
0.2318500 0.0794319 1.0000000 28.2373782 0.0000000
0.2334333 0.0794319 1.0000000 28.5859348 0.0000000
0.2350112 0.0794319 1.0000000 28.9349321 0.0000000
0.2365837 0.0794319 1.0000000 29.2843427 0.0000000
0.2381507 0.0794319 1.0000000 29.6341698 0.0000000
0.2397123 0.0794319 1.0000000 29.9844101 0.0000000
0.2412683 0.0794319 1.0000000 30.3350666 0.0000000
0.2428188 0.0794319 1.0000000 30.6861714 0.0000000
0.2443637 0.0794319 1.0000000 31.0377317 0.0000000
0.2459031 0.0794319 1.0000000 31.3897377 0.0000000
0.2474369 0.0794319 1.0000000 31.7422270 0.0000000
0.2489652 0.0794319 1.0000000 32.0952053 0.0000000
0.2504881 0.0794319 1.0000000 32.4486742 0.0000000
0.2520055 0.0794319 1.0000000 32.8026629 0.0000000
0.2535175 0.0794319 1.0000000 33.1571869 0.0000000
0.2550241 0.0794319 1.0000000 33.5122527 0.0000000
0.2565256 0.0794319 1.0000000 33.8678745 0.0000000
0.2580218 0.0794319 1.0000000 34.2240592 0.0000000
0.2595130 0.0794319 1.0000000 34.5808168 0.0000000
0.2609992 0.0794319 1.0000000 34.9381448 0.0000000
0.2624805 0.0794319 1.0000000 35.2960457 -0.0000001
0.2639571 0.0794319 1.0000000 35.6545105 0.0000000
0.2654290 0.0794319 1.0000000 36.0135575 0.0000000
0.2668963 0.0794319 1.0000000 36.3731825 0.0000000
0.2683592 0.0794319 1.0000000 36.7333868 0.0000000
0.2698178 0.0794319 1.0000000 37.0941708 0.0000000
0.2712721 0.0794319 1.0000000 37.4555286 0.0000000
0.2727223 0.0794319 1.0000000 37.8174449 0.0000000
0.2741685 0.0794319 1.0000000 38.1799185 0.0000000
0.2756106 0.0794319 1.0000000 38.5429626 0.0000000
0.2770489 0.0794319 1.0000000 38.9065598 0.0000000
0.2784833 0.0794319 1.0000000 39.2706810 0.0000000
0.2799140 0.0794319 1.0000000 39.6353145 0.0000000
0.2813409 0.0794319 1.0000000 40.0004429 0.0000000
0.2827641 0.0794319 1.0000000 40.3660338 0.0000000
0.2841837 0.0794319 1.0000000 40.7320658 0.0000000
0.2855995 0.0794319 1.0000000 41.0985094 0.0000000
0.2870117 0.0794319 1.0000000 41.4653455 0.0000000
0.2884202 0.0794319 1.0000000 41.8325454 0.0000000
0.2898251 0.0794319 1.0000000 42.2000787 0.0000000
0.2912263 0.0794319 1.0000000 42.5679261 0.0000000
0.2926238 0.0794319 1.0000000 42.9360677 0.0000000
0.2940176 0.0794319 1.0000000 43.3044916 0.0000000
0.2954077 0.0794319 1.0000000 43.6731473 0.0000000
0.2967941 0.0794319 1.0000000 44.0420019 0.0000000
0.2981768 0.0794319 1.0000000 44.4110686 0.0000000
0.2995558 0.0794319 1.0000000 44.7803383 0.0000000
0.3009311 0.0794319 1.0000000 45.1497915 0.0000000
0.3023027 0.0794319 1.0000000 45.5194108 0.0000000
0.3036706 0.0794319 1.0000000 45.8891781 0.0000000
0.3050348 0.0794319 1.0000000 46.2590692 0.0000001
0.3063955 0.0794319 1.0000000 46.6290916 0.0000000
0.3077525 0.0794319 1.0000000 46.9991830 0.0000000
0.3091059 0.0794319 1.0000000 47.3693220 0.0000000
0.3104558 0.0794319 1.0000000 47.7395007 0.0000000
0.3118022 0.0794319 1.0000000 48.1096974 0.0000000
0.3131451 0.0794319 1.0000000 48.4799040 0.0000000
0.3144846 0.0794319 1.0000000 48.8500349 0.0000000
0.3158207 0.0794319 1.0000000 49.2200293 0.0000000
0.3171534 0.0794319 1.0000000 49.5897688 0.0000000
0.3184829 0.0794319 1.0000000 49.9592252 0.0000000
0.3198091 0.0794319 1.0000000 50.3282846 0.0000000
0.3211322 0.0794319 1.0000000 50.6969023 0.0000000
0.3224521 0.0794319 1.0000000 51.0650008 0.0000000
0.3237690 0.0794319 1.0000000 51.4324487 0.0000000
0.3250827 0.0794319 1.0000000 51.7988854 0.0000000
0.3263936 0.0794319 1.0000000 52.1640244 0.0000000
0.3277014 0.0794319 1.0000000 52.5276034 0.0000000
0.3290063 0.0794319 1.0000000 52.8889636 0.0000000
0.3303084 0.0794319 1.0000000 53.2465046 0.0000000
0.3316076 0.0794319 1.0000000 53.6016850 0.0000000
0.3329040 0.0794319 1.0000000 53.9544920 0.0000000
0.3341976 0.0794319 1.0000000 54.3002928 0.0000000
0.3354885 0.0794319 1.0000000 54.6479202 0.0000000
0.3367767 0.0794319 1.0000000 54.9879985 0.0000000
0.3380621 0.0794319 1.0000000 55.3242920 0.0000000
0.3393449 0.0794319 1.0000000 55.6747476 0.0000000
0.3406250 0.0794319 1.0000000 56.0230970 0.0000000
0.3419025 0.0794319 1.0000000 56.3617890 0.0000000
0.3431773 0.0794319 1.0000000 56.6956080 0.0000000
0.3444496 0.0794319 1.0000000 57.0364377 0.0000000
0.3457192 0.0794319 1.0000000 57.3610721 0.0000000
0.3469862 0.0794319 1.0000000 57.6679418 0.0000000
0.3482507 0.0794319 1.0000000 57.9747373 0.0000000
0.3495127 0.0794319 1.0000000 58.2919439 -0.0000001
0.3507722 0.0794319 1.0000000 58.5985556 0.0000000
0.3520292 0.0794319 1.0000000 58.9039148 0.0000000
0.3532837 0.0794319 1.0000000 59.2164720 0.0000000
0.3545359 0.0794319 1.0000000 59.5250436 0.0000000
0.3557856 0.0794319 1.0000000 59.8329959 0.0000000
0.3570330 0.0794319 1.0000000 60.1515695 0.0000000
0.3582781 0.0794319 1.0000000 60.4809992 0.0000000
0.3595208 0.0794319 1.0000000 60.8024793 0.0000000
0.3607613 0.0794319 1.0000000 61.1403403 0.0000000
0.3619996 0.0794319 1.0000000 61.4790131 0.0000000
0.3632357 0.0794319 1.0000000 61.8158867 -0.0000001
0.3644697 0.0794319 1.0000000 62.1470625 0.0000000
0.3657016 0.0794319 1.0000000 62.4988257 0.0000000
0.3669315 0.0794319 1.0000000 62.8422851 0.0000000
0.0000000 0.0794319 1.0000000 0.0000000 0.0835041
0.0000271 0.0794319 1.0000000 0.0000000 0.0835041
0.0027033 0.0794319 1.0000000 0.3815256 0.0834528
0.0053870 0.0794319 1.0000000 0.7653635 0.0833114
0.0080514 0.0794319 1.0000000 1.1415259 0.0830812
0.0000000 0.0794319 1.0000000 0.0000000 0.0835041
0.0000271 0.0794319 1.0000000 0.0000000 0.0835041
0.0000000 0.0794319 1.0000000 0.0000000 0.0835041
0.0000000 0.0794319 1.0000000 0.0000000 0.0835041
0.0000000 0.0794319 1.0000000 0.0000000 0.0835041
0.0000000 0.0794319 1.0000000 0.0000000 0.0835041
0.0000000 0.0794319 1.0000000 0.0000000 0.0835041
0.0000000 0.0794319 1.0000000 0.0000000 0.0835041
0.0000000 0.0794319 1.0000000 0.0000000 0.0835041
0.0000000 0.0794319 1.0000000 0.0000000 0.0835041
0.0000000 0.0794319 1.0000000 0.0000000 0.0835041
0.0000000 0.0794319 1.0000000 0.0000000 0.0835041
0.0000000 0.0794319 1.0000000 0.0000000 0.0835041
0.0000271 0.0794319 1.0000000 0.0000000 0.0835041
0.0027033 0.0794319 1.0000000 0.3815256 0.0834528
0.0053870 0.0794319 1.0000000 0.7653635 0.0833114
0.0080514 0.0794319 1.0000000 1.1415259 0.0830812
0.0000000 0.0794319 1.0000000 0.0000000 0.0835041
0.0000000 0.0794319 1.0000000 0.0000000 0.0835041
0.0000000 0.0794319 1.0000000 0.0000000 0.0835041
0.0000000 0.0794319 1.0000000 0.0000000 0.0835041
0.0000000 0.0794319 1.0000000 0.0000000 0.0835041
0.0000271 0.0794319 1.0000000 0.0000000 0.0835041
0.0000000 0.0794319 1.0000000 0.0000000 0.0835041
0.0000271 0.0794319 1.0000000 0.0000000 0.0835041
0.0000000 0.0794319 1.0000000 0.0000000 0.0835041
0.0000000 0.0794319 1.0000000 0.0000000 0.0835041
0.0000000 0.0794319 1.0000000 0.0000000 0.0835041
0.0000000 0.0794319 1.0000000 0.0000000 0.0835041
0.0000000 0.0794319 1.0000000 0.0000000 0.0835041
0.0000000 0.0794319 1.0000000 0.0000000 0.0835041
0.0000000 0.0794319 1.0000000 0.0000000 0.0835041
0.0000000 0.0794319 1.0000000 0.0000000 0.0835041
0.0000000 0.0794319 1.0000000 0.0000000 0.0835041
0.0000000 0.0794319 1.0000000 0.0000000 0.0835041
0.0000000 0.0794319 1.0000000 0.0000000 0.0835041
0.0000271 0.0794319 1.0000000 0.0000000 0.0835041
0.0027033 0.0794319 1.0000000 0.3815256 0.0834528
0.0053870 0.0794319 1.0000000 0.7653635 0.0833114
0.0080514 0.0794319 1.0000000 1.1415259 0.0830812
0.0000000 0.0794319 1.0000000 0.0000000 0.0835041
0.0000000 0.0794319 1.0000000 0.0000000 0.0835041
0.0000000 0.0794319 1.0000000 0.0000000 0.0835041
0.0000000 0.0794319 1.0000000 0.0000000 0.0835041
0.0000000 0.0794319 1.0000000 0.0000000 0.0835041
0.0000271 0.0794319 1.0000000 0.0000000 0.0835041
0.0000000 0.0794319 1.0000000 0.0000000 0.0835041
0.0000271 0.0794319 1.0000000 0.0000000 0.0835041
0.0000000 0.0794319 1.0000000 0.0000000 0.0835041
0.0000000 0.0794319 1.0000000 0.0000000 0.0835041
0.0000000 0.0794319 1.0000000 0.0000000 0.0835041
0.0000271 0.0794319 1.0000000 0.0000000 0.0835041
0.0027033 0.0794319 1.0000000 0.3815256 0.0834528
0.0053870 0.0794319 1.0000000 0.7653635 0.0833114
0.0080514 0.0794319 1.0000000 1.1415259 0.0830812
0.0000000 0.0794319 1.0000000 0.0000000 0.0835041
0.0000000 0.0794319 1.0000000 0.0000000 0.0835041
0.0000000 0.0794319 1.0000000 0.0000000 0.0835041
0.0000000 0.0794319 1.0000000 0.0000000 0.0835041
0.0000000 0.0794319 1.0000000 0.0000000 0.0835041
0.0000000 0.0794319 1.0000000 0.0000000 0.0835041
0.0000000 0.0794319 1.0000000 0.0000000 0.0835041
0.0000000 0.0794319 1.0000000 0.0000000 0.0835041
0.0000000 0.0794319 1.0000000 0.0000000 0.0835041
0.0000000 0.0794319 1.0000000 0.0000000 0.0835041
0.0000000 0.0794319 1.0000000 0.0000000 0.0835041
0.0000000 0.0794319 1.0000000 0.0000000 0.0835041
0.0000000 0.0794319 1.0000000 0.0000000 0.0835041
0.0000271 0.0794319 1.0000000 0.0000000 0.0835041
0.0027033 0.0794319 1.0000000 0.3815256 0.0834528
0.0053870 0.0794319 1.0000000 0.7653635 0.0833114
0.0080514 0.0794319 1.0000000 1.1415259 0.0830812
0.0000000 0.0794319 1.0000000 0.0000000 0.0835041
0.0000271 0.0794319 1.0000000 0.0000000 0.0835041
0.0027033 0.0794319 1.0000000 0.3815256 0.0834528
0.0053870 0.0794319 1.0000000 0.7653635 0.0833114
0.0080514 0.0794319 1.0000000 1.1415259 0.0830812
0.0000000 0.0794319 1.0000000 0.0000000 0.0835041
0.0000271 0.0794319 1.0000000 0.0000000 0.0835041
0.0027033 0.0794319 1.0000000 0.3815256 0.0834528
0.0053870 0.0794319 1.0000000 0.7653635 0.0833114
0.0080514 0.0794319 1.0000000 1.1415259 0.0830812
0.0000271 0.1551404 1.0000000 0.0000000 0.1625135
0.0027033 0.1551404 1.0000000 0.3404184 0.1624316
0.0053871 0.1551404 1.0000000 0.6763513 0.1622090
0.0080515 0.1551404 1.0000000 0.9976845 0.1618481
0.0106961 0.1551404 1.0000000 1.2613533 0.1613549
0.0133206 0.1551404 1.0000000 1.4563338 0.1607238
0.0159252 0.1551404 1.0000000 1.6381611 0.1599499
0.0185100 0.1551404 1.0000000 1.8002915 0.1590296
0.0210756 0.1551404 1.0000000 1.9437781 0.1579633
0.0236227 0.1551404 1.0000000 2.0705979 0.1567512
0.0261522 0.1551404 1.0000000 2.1814842 0.1553012
0.0286654 0.1551404 1.0000000 2.2766526 0.1538077
0.0311640 0.1551404 1.0000000 2.3567971 0.1520323
0.0336502 0.1551404 1.0000000 2.4226529 0.1500743
0.0361262 0.1551404 1.0000000 2.4751961 0.1479826
0.0385950 0.1551404 1.0000000 2.5157814 0.1456791
0.0410595 0.1551404 1.0000000 2.5451311 0.1432907
0.0435231 0.1551404 1.0000000 2.5644054 0.1406906
0.0459888 0.1551404 1.0000000 2.5731066 0.1383442
0.0484598 0.1551404 1.0000000 2.5735632 0.1357795
0.0509374 0.1551404 1.0000000 2.5666482 0.1330177
0.0534199 0.1551404 1.0000000 2.5525647 0.1303480
0.0559065 0.1551404 1.0000000 2.5328993 0.1275838
0.0583883 0.1551404 1.0000000 2.5088570 0.1247429
0.0608614 0.1551404 1.0000000 2.4813743 0.1218413
0.0633275 0.1551404 1.0000000 2.4517968 0.1187827
0.0657890 0.1551404 1.0000000 2.4203805 0.1157737
0.0682498 0.1551404 1.0000000 2.3883487 0.1127175
0.0707162 0.1551404 1.0000000 2.3571405 0.1093455
0.0731897 0.1551404 1.0000000 2.3264045 0.1060622
0.0756705 0.1551404 1.0000000 2.2972242 0.1028892
0.0781617 0.1551404 1.0000000 2.2718679 0.0991929
0.0806497 0.1551404 1.0000000 2.2489330 0.0959359
0.0831322 0.1551404 1.0000000 2.2316274 0.0921244
0.0856111 0.1551404 1.0000000 2.2185255 0.0884836
0.0880893 0.1551404 1.0000000 2.2103466 0.0848026
0.0905648 0.1551404 1.0000000 2.2061600 0.0815638
0.0930292 0.1551404 1.0000000 2.2079286 0.0781051
0.0954835 0.1551404 1.0000000 2.2146863 0.0750277
0.0979301 0.1551404 1.0000000 2.2278787 0.0719332
0.1003712 0.1551404 1.0000000 2.2477914 0.0687746
0.1028093 0.1551404 1.0000000 2.2745332 0.0655697
0.1052479 0.1551404 1.0000000 2.3073008 0.0627734
0.1076852 0.1551404 1.0000000 2.3486488 0.0593005
0.1101166 0.1551404 1.0000000 2.3976089 0.0554453
0.1125422 0.1551404 1.0000000 2.4514510 0.0522119
0.1149620 0.1551404 1.0000000 2.5101665 0.0495251
0.1173758 0.1551404 1.0000000 2.5745550 0.0470852
0.1197836 0.1551404 1.0000000 2.6450551 0.0447153
0.1221853 0.1551404 1.0000000 2.7225785 0.0421073
0.1245808 0.1551404 1.0000000 2.8061438 0.0395976
0.1269699 0.1551404 1.0000000 2.8953471 0.0373105
0.1293525 0.1551404 1.0000000 2.9908998 0.0350289
0.1317285 0.1551404 1.0000000 3.0921073 0.0330011
0.1340976 0.1551404 1.0000000 3.2013223 0.0304618
0.1364598 0.1551404 1.0000000 3.3146499 0.0285651
0.1388150 0.1551404 1.0000000 3.4339552 0.0267334
0.1411630 0.1551404 1.0000000 3.5594104 0.0249718
0.1435039 0.1551404 1.0000000 3.6936216 0.0226635
0.1458376 0.1551404 1.0000000 3.8341042 0.0205521
0.1481641 0.1551404 1.0000000 3.9818201 0.0183580
0.1504836 0.1551404 1.0000000 4.1409691 0.0150783
0.1527959 0.1551404 1.0000000 4.3014549 0.0129368
0.1551014 0.1551404 1.0000000 4.4700237 0.0104428
0.1574000 0.1551404 1.0000000 4.6394270 0.0091965
0.1596919 0.1551404 1.0000000 4.8150435 0.0080385
0.1619771 0.1551404 1.0000000 4.9970452 0.0069724
0.1642559 0.1551404 1.0000000 5.1857418 0.0060030
0.1665284 0.1551404 1.0000000 5.3827487 0.0049708
0.1687944 0.1551404 1.0000000 5.5910816 0.0037017
0.1710500 0.1551404 1.0000000 5.8069166 0.0029342
0.1732804 0.1551404 1.0000000 6.0354713 0.0024492
0.1754854 0.1551404 1.0000000 6.2671979 0.0018079
0.1776645 0.1551404 1.0000000 6.5076943 0.0010316
0.1798107 0.1551404 1.0000000 6.7529126 0.0008737
0.1819151 0.1551404 1.0000000 7.0078307 0.0000000
0.1839875 0.1551404 1.0000000 7.2617697 0.0000000
0.1860401 0.1551404 1.0000000 7.5215562 0.0000000
0.1880840 0.1551404 1.0000000 7.7879867 0.0000000
0.1901175 0.1551404 1.0000000 8.0603205 0.0000000
0.1921340 0.1551404 1.0000000 8.3370627 0.0000000
0.1941378 0.1551404 1.0000000 8.6178502 0.0000000
0.1961334 0.1551404 1.0000000 8.9027458 0.0000000
0.1981247 0.1551404 1.0000000 9.1918709 0.0000000
0.2001147 0.1551404 1.0000000 9.4847053 0.0000000
0.2021053 0.1551404 1.0000000 9.7802464 0.0000000
0.2040975 0.1551404 1.0000000 10.0780058 0.0000000
0.2060913 0.1551404 1.0000000 10.3773796 0.0000000
0.2080861 0.1551404 1.0000000 10.6779418 0.0000000
0.2100809 0.1551404 1.0000000 10.9796176 0.0000000
0.2120743 0.1551404 1.0000000 11.2824001 0.0000000
0.2140651 0.1551404 1.0000000 11.5861048 0.0000000
0.2160520 0.1551404 1.0000000 11.8905371 0.0000000
0.2180342 0.1551404 1.0000000 12.1954653 0.0000000
0.2200109 0.1551404 1.0000000 12.5008793 0.0000000
0.2219811 0.1551404 1.0000000 12.8067648 0.0000000
0.2239440 0.1551404 1.0000000 13.1130881 0.0000000
0.2258988 0.1551404 1.0000000 13.4198601 0.0000000
0.2278447 0.1551404 1.0000000 13.7270884 0.0000000
0.2297812 0.1551404 1.0000000 14.0347880 0.0000000
0.2317080 0.1551404 1.0000000 14.3429584 0.0000000
0.2336247 0.1551404 1.0000000 14.6516160 0.0000000
0.2355311 0.1551404 1.0000000 14.9608125 0.0000000
0.2374270 0.1551404 1.0000000 15.2705456 0.0000000
0.2393125 0.1551404 1.0000000 15.5808632 0.0000000
0.2411876 0.1551404 1.0000000 15.8918131 0.0000000
0.2430524 0.1551404 1.0000000 16.2034426 0.0000000
0.2449071 0.1551404 1.0000000 16.5157998 0.0000000
0.2467520 0.1551404 1.0000000 16.8289517 0.0000000
0.2485871 0.1551404 1.0000000 17.1429715 0.0000000
0.2504127 0.1551404 1.0000000 17.4579118 0.0000000
0.2522292 0.1551404 1.0000000 17.7738262 0.0000000
0.2540367 0.1551404 1.0000000 18.0907488 0.0000000
0.2558355 0.1551404 1.0000000 18.4086979 0.0000000
0.2576261 0.1551404 1.0000000 18.7277105 0.0000000
0.2594086 0.1551404 1.0000000 19.0477829 0.0000000
0.2611833 0.1551404 1.0000000 19.3689188 0.0000000
0.2629505 0.1551404 1.0000000 19.6911368 0.0000000
0.2647105 0.1551404 1.0000000 20.0144160 0.0000000
0.2664625 0.1551404 1.0000000 20.3386016 0.0000000
0.2682069 0.1551404 1.0000000 20.6636947 0.0000000
0.2699439 0.1551404 1.0000000 20.9897140 0.0000000
0.2716738 0.1551404 1.0000000 21.3166476 0.0000000
0.2733968 0.1551404 1.0000000 21.6444914 0.0000000
0.2751133 0.1551404 1.0000000 21.9732566 0.0000000
0.2768234 0.1551404 1.0000000 22.3029340 0.0000000
0.2785273 0.1551404 1.0000000 22.6335148 0.0000000
0.2802253 0.1551404 1.0000000 22.9649964 0.0000000
0.2819174 0.1551404 1.0000000 23.2973422 0.0000000
0.2836038 0.1551404 1.0000000 23.6305294 0.0000000
0.2852844 0.1551404 1.0000000 23.9645442 0.0000000
0.2869593 0.1551404 1.0000000 24.2993505 0.0000000
0.2886284 0.1551404 1.0000000 24.6349114 0.0000000
0.2902919 0.1551404 1.0000000 24.9711883 0.0000000
0.2919496 0.1551404 1.0000000 25.3081307 0.0000000
0.2936017 0.1551404 1.0000000 25.6457055 0.0000000
0.2952480 0.1551404 1.0000000 25.9838868 0.0000000
0.2968886 0.1551404 1.0000000 26.3226479 0.0000000
0.2985234 0.1551404 1.0000000 26.6619667 0.0000000
0.3001524 0.1551404 1.0000000 27.0018349 0.0000000
0.3017756 0.1551404 1.0000000 27.3422155 0.0000000
0.3033930 0.1551404 1.0000000 27.6830773 0.0000000
0.3050045 0.1551404 1.0000000 28.0243835 0.0000001
0.3066102 0.1551404 1.0000000 28.3661548 0.0000000
0.3082100 0.1551404 1.0000000 28.7083789 0.0000001
0.3098039 0.1551404 1.0000000 29.0510327 0.0000000
0.3113920 0.1551404 1.0000000 29.3940658 0.0000000
0.3129743 0.1551404 1.0000000 29.7374482 0.0000000
0.3145508 0.1551404 1.0000000 30.0811439 0.0000000
0.3161215 0.1551404 1.0000000 30.4251174 0.0000000
0.3176865 0.1551404 1.0000000 30.7693769 0.0000000
0.3192459 0.1551404 1.0000000 31.1138847 0.0000000
0.3207997 0.1551404 1.0000000 31.4585731 0.0000000
0.3223479 0.1551404 1.0000000 31.8034938 0.0000000
0.3238907 0.1551404 1.0000000 32.1485488 0.0000000
0.3254281 0.1551404 1.0000000 32.4936616 0.0000000
0.3269603 0.1551404 1.0000000 32.8387371 0.0000000
0.3284872 0.1551404 1.0000000 33.1836311 -0.0000001
0.3300091 0.1551404 1.0000000 33.5281178 0.0000000
0.3315259 0.1551404 1.0000000 33.8720194 0.0000000
0.3330378 0.1551404 1.0000000 34.2146811 0.0000000
0.3345448 0.1551404 1.0000000 34.5545789 0.0000000
0.3360471 0.1551404 1.0000000 34.8897090 0.0000000
0.3375448 0.1551404 1.0000000 35.2366928 0.0000000
0.0000000 0.1551404 1.0000000 0.0000000 0.1625135
0.0000271 0.1551404 1.0000000 0.0000000 0.1625135
0.0027033 0.1551404 1.0000000 0.3404184 0.1624316
0.0053871 0.1551404 1.0000000 0.6763513 0.1622090
0.0080515 0.1551404 1.0000000 0.9976845 0.1618481
0.0000000 0.1551404 1.0000000 0.0000000 0.1625135
0.0000271 0.1551404 1.0000000 0.0000000 0.1625135
0.0000000 0.1551404 1.0000000 0.0000000 0.1625135
0.0000000 0.1551404 1.0000000 0.0000000 0.1625135
0.0000000 0.1551404 1.0000000 0.0000000 0.1625135
0.0000000 0.1551404 1.0000000 0.0000000 0.1625135
0.0000000 0.1551404 1.0000000 0.0000000 0.1625135
0.0000000 0.1551404 1.0000000 0.0000000 0.1625135
0.0000000 0.1551404 1.0000000 0.0000000 0.1625135
0.0000000 0.1551404 1.0000000 0.0000000 0.1625135
0.0000000 0.1551404 1.0000000 0.0000000 0.1625135
0.0000000 0.1551404 1.0000000 0.0000000 0.1625135
0.0000000 0.1551404 1.0000000 0.0000000 0.1625135
0.0000271 0.1551404 1.0000000 0.0000000 0.1625135
0.0027033 0.1551404 1.0000000 0.3404184 0.1624316
0.0053871 0.1551404 1.0000000 0.6763513 0.1622090
0.0080515 0.1551404 1.0000000 0.9976845 0.1618481
0.0000000 0.1551404 1.0000000 0.0000000 0.1625135
0.0000000 0.1551404 1.0000000 0.0000000 0.1625135
0.0000000 0.1551404 1.0000000 0.0000000 0.1625135
0.0000000 0.1551404 1.0000000 0.0000000 0.1625135
0.0000000 0.1551404 1.0000000 0.0000000 0.1625135
0.0000271 0.1551404 1.0000000 0.0000000 0.1625135
0.0000000 0.1551404 1.0000000 0.0000000 0.1625135
0.0000271 0.1551404 1.0000000 0.0000000 0.1625135
0.0000000 0.1551404 1.0000000 0.0000000 0.1625135
0.0000000 0.1551404 1.0000000 0.0000000 0.1625135
0.0000000 0.1551404 1.0000000 0.0000000 0.1625135
0.0000000 0.1551404 1.0000000 0.0000000 0.1625135
0.0000000 0.1551404 1.0000000 0.0000000 0.1625135
0.0000000 0.1551404 1.0000000 0.0000000 0.1625135
0.0000000 0.1551404 1.0000000 0.0000000 0.1625135
0.0000000 0.1551404 1.0000000 0.0000000 0.1625135
0.0000000 0.1551404 1.0000000 0.0000000 0.1625135
0.0000000 0.1551404 1.0000000 0.0000000 0.1625135
0.0000000 0.1551404 1.0000000 0.0000000 0.1625135
0.0000271 0.1551404 1.0000000 0.0000000 0.1625135
0.0027033 0.1551404 1.0000000 0.3404184 0.1624316
0.0053871 0.1551404 1.0000000 0.6763513 0.1622090
0.0080515 0.1551404 1.0000000 0.9976845 0.1618481
0.0000000 0.1551404 1.0000000 0.0000000 0.1625135
0.0000000 0.1551404 1.0000000 0.0000000 0.1625135
0.0000000 0.1551404 1.0000000 0.0000000 0.1625135
0.0000000 0.1551404 1.0000000 0.0000000 0.1625135
0.0000000 0.1551404 1.0000000 0.0000000 0.1625135
0.0000271 0.1551404 1.0000000 0.0000000 0.1625135
0.0000000 0.1551404 1.0000000 0.0000000 0.1625135
0.0000271 0.1551404 1.0000000 0.0000000 0.1625135
0.0000000 0.1551404 1.0000000 0.0000000 0.1625135
0.0000000 0.1551404 1.0000000 0.0000000 0.1625135
0.0000000 0.1551404 1.0000000 0.0000000 0.1625135
0.0000271 0.1551404 1.0000000 0.0000000 0.1625135
0.0027033 0.1551404 1.0000000 0.3404184 0.1624316
0.0053871 0.1551404 1.0000000 0.6763513 0.1622090
0.0080515 0.1551404 1.0000000 0.9976845 0.1618481
0.0000000 0.1551404 1.0000000 0.0000000 0.1625135
0.0000000 0.1551404 1.0000000 0.0000000 0.1625135
0.0000000 0.1551404 1.0000000 0.0000000 0.1625135
0.0000000 0.1551404 1.0000000 0.0000000 0.1625135
0.0000000 0.1551404 1.0000000 0.0000000 0.1625135
0.0000000 0.1551404 1.0000000 0.0000000 0.1625135
0.0000000 0.1551404 1.0000000 0.0000000 0.1625135
0.0000000 0.1551404 1.0000000 0.0000000 0.1625135
0.0000000 0.1551404 1.0000000 0.0000000 0.1625135
0.0000000 0.1551404 1.0000000 0.0000000 0.1625135
0.0000000 0.1551404 1.0000000 0.0000000 0.1625135
0.0000000 0.1551404 1.0000000 0.0000000 0.1625135
0.0000000 0.1551404 1.0000000 0.0000000 0.1625135
0.0000271 0.1551404 1.0000000 0.0000000 0.1625135
0.0027033 0.1551404 1.0000000 0.3404184 0.1624316
0.0053871 0.1551404 1.0000000 0.6763513 0.1622090
0.0080515 0.1551404 1.0000000 0.9976845 0.1618481
0.0000000 0.1551404 1.0000000 0.0000000 0.1625135
0.0000271 0.1551404 1.0000000 0.0000000 0.1625135
0.0027033 0.1551404 1.0000000 0.3404184 0.1624316
0.0053871 0.1551404 1.0000000 0.6763513 0.1622090
0.0080515 0.1551404 1.0000000 0.9976845 0.1618481
0.0000000 0.1551404 1.0000000 0.0000000 0.1625135
0.0000271 0.1551404 1.0000000 0.0000000 0.1625135
0.0027033 0.1551404 1.0000000 0.3404184 0.1624316
0.0053871 0.1551404 1.0000000 0.6763513 0.1622090
0.0080515 0.1551404 1.0000000 0.9976845 0.1618481
0.0000271 0.2064918 1.0000000 0.0000000 0.2181667
0.0027033 0.2064918 1.0000000 0.3125016 0.2180670
0.0053871 0.2064918 1.0000000 0.6167465 0.2177987
0.0080516 0.2064918 1.0000000 0.9027948 0.2173648
0.0106962 0.2064918 1.0000000 1.1300502 0.2167729
0.0133208 0.2064918 1.0000000 1.2929927 0.2160172
0.0159255 0.2064918 1.0000000 1.4384297 0.2150950
0.0185106 0.2064918 1.0000000 1.5619685 0.2140044
0.0210769 0.2064918 1.0000000 1.6651042 0.2127500
0.0236256 0.2064918 1.0000000 1.7505108 0.2111910
0.0261578 0.2064918 1.0000000 1.8196203 0.2096282
0.0286756 0.2064918 1.0000000 1.8728706 0.2079210
0.0311812 0.2064918 1.0000000 1.9112253 0.2059754
0.0336775 0.2064918 1.0000000 1.9356403 0.2039438
0.0361677 0.2064918 1.0000000 1.9478361 0.2017335
0.0386554 0.2064918 1.0000000 1.9495370 0.1990132
0.0411444 0.2064918 1.0000000 1.9402519 0.1965646
0.0436388 0.2064918 1.0000000 1.9217481 0.1939999
0.0461395 0.2064918 1.0000000 1.8948854 0.1914233
0.0486458 0.2064918 1.0000000 1.8612580 0.1886414
0.0511566 0.2064918 1.0000000 1.8219299 0.1856691
0.0536719 0.2064918 1.0000000 1.7774273 0.1828050
0.0561926 0.2064918 1.0000000 1.7294949 0.1798658
0.0587115 0.2064918 1.0000000 1.6797464 0.1767754
0.0612254 0.2064918 1.0000000 1.6291442 0.1737313
0.0637359 0.2064918 1.0000000 1.5789281 0.1705971
0.0662448 0.2064918 1.0000000 1.5302314 0.1673320
0.0687539 0.2064918 1.0000000 1.4835152 0.1641984
0.0712649 0.2064918 1.0000000 1.4399089 0.1610499
0.0737794 0.2064918 1.0000000 1.4001946 0.1578941
0.0762984 0.2064918 1.0000000 1.3647847 0.1547387
0.0788225 0.2064918 1.0000000 1.3348734 0.1512762
0.0813435 0.2064918 1.0000000 1.3103542 0.1479649
0.0838589 0.2064918 1.0000000 1.2915230 0.1446992
0.0863682 0.2064918 1.0000000 1.2784881 0.1415539
0.0888715 0.2064918 1.0000000 1.2714479 0.1384251
0.0913686 0.2064918 1.0000000 1.2706469 0.1351056
0.0938596 0.2064918 1.0000000 1.2757372 0.1318627
0.0963443 0.2064918 1.0000000 1.2866091 0.1287990
0.0988230 0.2064918 1.0000000 1.3040703 0.1253762
0.1012954 0.2064918 1.0000000 1.3267002 0.1226018
0.1037617 0.2064918 1.0000000 1.3559920 0.1192982
0.1062219 0.2064918 1.0000000 1.3898454 0.1165117
0.1086758 0.2064918 1.0000000 1.4284865 0.1138083
0.1111235 0.2064918 1.0000000 1.4720507 0.1108845
0.1135650 0.2064918 1.0000000 1.5196024 0.1082377
0.1160004 0.2064918 1.0000000 1.5715788 0.1053372
0.1184296 0.2064918 1.0000000 1.6264843 0.1028861
0.1208529 0.2064918 1.0000000 1.6860628 0.0997364
0.1232700 0.2064918 1.0000000 1.7474387 0.0972634
0.1256811 0.2064918 1.0000000 1.8115908 0.0947431
0.1280861 0.2064918 1.0000000 1.8785073 0.0920302
0.1304847 0.2064918 1.0000000 1.9469513 0.0895970
0.1328770 0.2064918 1.0000000 2.0177533 0.0869647
0.1352627 0.2064918 1.0000000 2.0903935 0.0843306
0.1376418 0.2064918 1.0000000 2.1639108 0.0820855
0.1400140 0.2064918 1.0000000 2.2391611 0.0798642
0.1423794 0.2064918 1.0000000 2.3165645 0.0774873
0.1447380 0.2064918 1.0000000 2.3955328 0.0751868
0.1470897 0.2064918 1.0000000 2.4760498 0.0729464
0.1494346 0.2064918 1.0000000 2.5579875 0.0707756
0.1517727 0.2064918 1.0000000 2.6417172 0.0684683
0.1541042 0.2064918 1.0000000 2.7271672 0.0660197
0.1564290 0.2064918 1.0000000 2.8135846 0.0636720
0.1587474 0.2064918 1.0000000 2.9005121 0.0615609
0.1610594 0.2064918 1.0000000 2.9890402 0.0593274
0.1633651 0.2064918 1.0000000 3.0787556 0.0571162
0.1656647 0.2064918 1.0000000 3.1710581 0.0545300
0.1679581 0.2064918 1.0000000 3.2632855 0.0523924
0.1702457 0.2064918 1.0000000 3.3570386 0.0502232
0.1725275 0.2064918 1.0000000 3.4530817 0.0478215
0.1748035 0.2064918 1.0000000 3.5498691 0.0456417
0.1770741 0.2064918 1.0000000 3.6483835 0.0434374
0.1793392 0.2064918 1.0000000 3.7499375 0.0409058
0.1815990 0.2064918 1.0000000 3.8519813 0.0387308
0.1838536 0.2064918 1.0000000 3.9558006 0.0365570
0.1860967 0.2064918 1.0000000 4.0615649 0.0342840
0.1883230 0.2064918 1.0000000 4.1728676 0.0310516
0.1905353 0.2064918 1.0000000 4.2808494 0.0290113
0.1927365 0.2064918 1.0000000 4.3915406 0.0268571
0.1949292 0.2064918 1.0000000 4.5052637 0.0246231
0.1971158 0.2064918 1.0000000 4.6229143 0.0222384
0.1992989 0.2064918 1.0000000 4.7425240 0.0202518
0.2014817 0.2064918 1.0000000 4.8654967 0.0185088
0.2036681 0.2064918 1.0000000 4.9943732 0.0166586
0.2058504 0.2064918 1.0000000 5.1275674 0.0151063
0.2080249 0.2064918 1.0000000 5.2666347 0.0135577
0.2101917 0.2064918 1.0000000 5.4096816 0.0123051
0.2123508 0.2064918 1.0000000 5.5629479 0.0101884
0.2145022 0.2064918 1.0000000 5.7207079 0.0082626
0.2166458 0.2064918 1.0000000 5.8804260 0.0069623
0.2187819 0.2064918 1.0000000 6.0431155 0.0061694
0.2209103 0.2064918 1.0000000 6.2141771 0.0052281
0.2230312 0.2064918 1.0000000 6.3933789 0.0043821
0.2251445 0.2064918 1.0000000 6.5857285 0.0033820
0.2272504 0.2064918 1.0000000 6.7829591 0.0027514
0.2293489 0.2064918 1.0000000 6.9856770 0.0019495
0.2314400 0.2064918 1.0000000 7.1966379 0.0011698
0.2335238 0.2064918 1.0000000 7.4212178 0.0000000
0.2356004 0.2064918 1.0000000 7.6491429 0.0000000
0.2376698 0.2064918 1.0000000 7.8869931 0.0000000
0.2397320 0.2064918 1.0000000 8.1330413 0.0000000
0.2417872 0.2064918 1.0000000 8.3865531 0.0000000
0.2438352 0.2064918 1.0000000 8.6470038 0.0000000
0.2458761 0.2064918 1.0000000 8.9138615 0.0000000
0.2479099 0.2064918 1.0000000 9.1866226 0.0000000
0.2499365 0.2064918 1.0000000 9.4645910 0.0000000
0.2519560 0.2064918 1.0000000 9.7467872 0.0000000
0.2539684 0.2064918 1.0000000 10.0324064 0.0000000
0.2559736 0.2064918 1.0000000 10.3207929 0.0000000
0.2579719 0.2064918 1.0000000 10.6109343 0.0000000
0.2599633 0.2064918 1.0000000 10.9018078 0.0000000
0.2619479 0.2064918 1.0000000 11.1930314 0.0000000
0.2639257 0.2064918 1.0000000 11.4844720 0.0000000
0.2658968 0.2064918 1.0000000 11.7759065 0.0000000
0.2678613 0.2064918 1.0000000 12.0675281 0.0000000
0.2698192 0.2064918 1.0000000 12.3595400 0.0000000
0.2717707 0.2064918 1.0000000 12.6520174 0.0000000
0.2737157 0.2064918 1.0000000 12.9450709 0.0000000
0.2756544 0.2064918 1.0000000 13.2387180 0.0000000
0.2775870 0.2064918 1.0000000 13.5331360 0.0000000
0.2795135 0.2064918 1.0000000 13.8284707 0.0000000
0.2814342 0.2064918 1.0000000 14.1248285 0.0000000
0.2833474 0.2064918 1.0000000 14.4220994 0.0000001
0.2852521 0.2064918 1.0000000 14.7201838 0.0000000
0.2871486 0.2064918 1.0000000 15.0191482 0.0000000
0.2890374 0.2064918 1.0000000 15.3190598 0.0000000
0.2909186 0.2064918 1.0000000 15.6199876 0.0000000
0.2927925 0.2064918 1.0000000 15.9220064 0.0000000
0.2946596 0.2064918 1.0000000 16.2251935 0.0000000
0.2965199 0.2064918 1.0000000 16.5296034 0.0000000
0.2983739 0.2064918 1.0000000 16.8352851 0.0000000
0.3002216 0.2064918 1.0000000 17.1423157 0.0000000
0.3020634 0.2064918 1.0000000 17.4507147 0.0000000
0.3038991 0.2064918 1.0000000 17.7604737 0.0000000
0.3057282 0.2064918 1.0000000 18.0714519 0.0000000
0.3075465 0.2064918 1.0000000 18.3829697 0.0000000
0.3093528 0.2064918 1.0000000 18.6948108 0.0000000
0.3111472 0.2064918 1.0000000 19.0069298 0.0000000
0.3129293 0.2064918 1.0000000 19.3192413 0.0000000
0.3146989 0.2064918 1.0000000 19.6316161 0.0000000
0.3164558 0.2064918 1.0000000 19.9439428 0.0000000
0.3181995 0.2064918 1.0000000 20.2560779 0.0000000
0.3199296 0.2064918 1.0000000 20.5678828 0.0000000
0.3216455 0.2064918 1.0000000 20.8791446 0.0000000
0.3233466 0.2064918 1.0000000 21.1896460 0.0000000
0.3250325 0.2064918 1.0000000 21.4991308 0.0000000
0.3267023 0.2064918 1.0000000 21.8072450 0.0000000
0.3283557 0.2064918 1.0000000 22.1137330 0.0000000
0.3299929 0.2064918 1.0000000 22.4180422 0.0000000
0.0000000 0.2064918 1.0000000 0.0000000 0.2181667
0.0000271 0.2064918 1.0000000 0.0000000 0.2181667
0.0027033 0.2064918 1.0000000 0.3125016 0.2180670
0.0053871 0.2064918 1.0000000 0.6167465 0.2177987
0.0080516 0.2064918 1.0000000 0.9027948 0.2173648
0.0000000 0.2064918 1.0000000 0.0000000 0.2181667
0.0000271 0.2064918 1.0000000 0.0000000 0.2181667
0.0000000 0.2064918 1.0000000 0.0000000 0.2181667
0.0000000 0.2064918 1.0000000 0.0000000 0.2181667
0.0000000 0.2064918 1.0000000 0.0000000 0.2181667
0.0000000 0.2064918 1.0000000 0.0000000 0.2181667
0.0000000 0.2064918 1.0000000 0.0000000 0.2181667
0.0000000 0.2064918 1.0000000 0.0000000 0.2181667
0.0000000 0.2064918 1.0000000 0.0000000 0.2181667
0.0000000 0.2064918 1.0000000 0.0000000 0.2181667
0.0000000 0.2064918 1.0000000 0.0000000 0.2181667
0.0000000 0.2064918 1.0000000 0.0000000 0.2181667
0.0000000 0.2064918 1.0000000 0.0000000 0.2181667
0.0000271 0.2064918 1.0000000 0.0000000 0.2181667
0.0027033 0.2064918 1.0000000 0.3125016 0.2180670
0.0053871 0.2064918 1.0000000 0.6167465 0.2177987
0.0080516 0.2064918 1.0000000 0.9027948 0.2173648
0.0000000 0.2064918 1.0000000 0.0000000 0.2181667
0.0000000 0.2064918 1.0000000 0.0000000 0.2181667
0.0000000 0.2064918 1.0000000 0.0000000 0.2181667
0.0000000 0.2064918 1.0000000 0.0000000 0.2181667
0.0000000 0.2064918 1.0000000 0.0000000 0.2181667
0.0000271 0.2064918 1.0000000 0.0000000 0.2181667
0.0000000 0.2064918 1.0000000 0.0000000 0.2181667
0.0000271 0.2064918 1.0000000 0.0000000 0.2181667
0.0000000 0.2064918 1.0000000 0.0000000 0.2181667
0.0000000 0.2064918 1.0000000 0.0000000 0.2181667
0.0000000 0.2064918 1.0000000 0.0000000 0.2181667
0.0000000 0.2064918 1.0000000 0.0000000 0.2181667
0.0000000 0.2064918 1.0000000 0.0000000 0.2181667
0.0000000 0.2064918 1.0000000 0.0000000 0.2181667
0.0000000 0.2064918 1.0000000 0.0000000 0.2181667
0.0000000 0.2064918 1.0000000 0.0000000 0.2181667
0.0000000 0.2064918 1.0000000 0.0000000 0.2181667
0.0000000 0.2064918 1.0000000 0.0000000 0.2181667
0.0000000 0.2064918 1.0000000 0.0000000 0.2181667
0.0000271 0.2064918 1.0000000 0.0000000 0.2181667
0.0027033 0.2064918 1.0000000 0.3125016 0.2180670
0.0053871 0.2064918 1.0000000 0.6167465 0.2177987
0.0080516 0.2064918 1.0000000 0.9027948 0.2173648
0.0000000 0.2064918 1.0000000 0.0000000 0.2181667
0.0000000 0.2064918 1.0000000 0.0000000 0.2181667
0.0000000 0.2064918 1.0000000 0.0000000 0.2181667
0.0000000 0.2064918 1.0000000 0.0000000 0.2181667
0.0000000 0.2064918 1.0000000 0.0000000 0.2181667
0.0000271 0.2064918 1.0000000 0.0000000 0.2181667
0.0000000 0.2064918 1.0000000 0.0000000 0.2181667
0.0000271 0.2064918 1.0000000 0.0000000 0.2181667
0.0000000 0.2064918 1.0000000 0.0000000 0.2181667
0.0000000 0.2064918 1.0000000 0.0000000 0.2181667
0.0000000 0.2064918 1.0000000 0.0000000 0.2181667
0.0000271 0.2064918 1.0000000 0.0000000 0.2181667
0.0027033 0.2064918 1.0000000 0.3125016 0.2180670
0.0053871 0.2064918 1.0000000 0.6167465 0.2177987
0.0080516 0.2064918 1.0000000 0.9027948 0.2173648
0.0000000 0.2064918 1.0000000 0.0000000 0.2181667
0.0000000 0.2064918 1.0000000 0.0000000 0.2181667
0.0000000 0.2064918 1.0000000 0.0000000 0.2181667
0.0000000 0.2064918 1.0000000 0.0000000 0.2181667
0.0000000 0.2064918 1.0000000 0.0000000 0.2181667
0.0000000 0.2064918 1.0000000 0.0000000 0.2181667
0.0000000 0.2064918 1.0000000 0.0000000 0.2181667
0.0000000 0.2064918 1.0000000 0.0000000 0.2181667
0.0000000 0.2064918 1.0000000 0.0000000 0.2181667
0.0000000 0.2064918 1.0000000 0.0000000 0.2181667
0.0000000 0.2064918 1.0000000 0.0000000 0.2181667
0.0000000 0.2064918 1.0000000 0.0000000 0.2181667
0.0000000 0.2064918 1.0000000 0.0000000 0.2181667
0.0000271 0.2064918 1.0000000 0.0000000 0.2181667
0.0027033 0.2064918 1.0000000 0.3125016 0.2180670
0.0053871 0.2064918 1.0000000 0.6167465 0.2177987
0.0080516 0.2064918 1.0000000 0.9027948 0.2173648
0.0000000 0.2064918 1.0000000 0.0000000 0.2181667
0.0000271 0.2064918 1.0000000 0.0000000 0.2181667
0.0027033 0.2064918 1.0000000 0.3125016 0.2180670
0.0053871 0.2064918 1.0000000 0.6167465 0.2177987
0.0080516 0.2064918 1.0000000 0.9027948 0.2173648
0.0000000 0.2064918 1.0000000 0.0000000 0.2181667
0.0000271 0.2064918 1.0000000 0.0000000 0.2181667
0.0027033 0.2064918 1.0000000 0.3125016 0.2180670
0.0053871 0.2064918 1.0000000 0.6167465 0.2177987
0.0080516 0.2064918 1.0000000 0.9027948 0.2173648